N:
  absolute_difference: 0.04133333333333333
  base_probability: 0.7426666666666667
  current_probability: 0.784
Y:
  absolute_difference: 0.04133333333333336
  base_probability: 0.25733333333333336
  current_probability: 0.216
