N:
  absolute_difference: 0.028000000000000025
  base_probability: 0.76
  current_probability: 0.732
Y:
  absolute_difference: 0.028000000000000025
  base_probability: 0.24
  current_probability: 0.268
