f1_score: 0.5743944636678201
precision_score: 0.7830188679245284
recall_score: 0.453551912568306
