f1_score: 0.6217948717948718
precision_score: 0.8362068965517241
recall_score: 0.49489795918367346
